combined bias: 0.012272, -0.022023, 0.003605
A-1 : 
1.000050, 0.000257, 0.000210
0.000257, 1.000965, 0.003950
0.000210, 0.003950, 1.001645

A:
0.999950, -0.000256, -0.000209
-0.000256, 0.999051, -0.003939
-0.000209, -0.003939, 0.998373